* Base de datos BLAST
XP_027431765.1  XP_027953956.1  100.000 553     0       0       1       553     1       553     0.0     1116
XP_027431765.1  XP_027431765.1  100.000 553     0       0       1       553     1       553     0.0     1116
XP_027431765.1  XP_025742150.2  99.819  553     1       0       1       553     1       553     0.0     1114
XP_027953956.1  XP_027953956.1  100.000 553     0       0       1       553     1       553     0.0     1116
XP_027953956.1  XP_027431765.1  100.000 553     0       0       1       553     1       553     0.0     1116
XP_027953956.1  XP_025742150.2  99.819  553     1       0       1       553     1       553     0.0     1114
XP_025742150.2  XP_025742150.2  100.000 553     0       0       1       553     1       553     0.0     1115
XP_025742150.2  XP_027953956.1  99.819  553     1       0       1       553     1       553     0.0     1114
XP_025742150.2  XP_027431765.1  99.819  553     1       0       1       553     1       553     0.0     1114
XP_027943508.1  XP_027437178.1  100.000 527     0       0       1       527     1       527     0.0     1105
XP_027943508.1  XP_027943508.1  100.000 527     0       0       1       527     1       527     0.0     1105
XP_027943508.1  XP_025734223.1  99.620  527     2       0       1       527     1       527     0.0     1103
XP_027943508.1  XP_025744453.1  50.000  16      8       0       99      114     413     428     8.1     18.5
XP_027943508.1  XP_027963757.1  50.000  16      8       0       99      114     413     428     8.2     18.5
XP_027943508.1  XP_027470331.1  50.000  16      8       0       99      114     413     428     8.2     18.5
XP_027943508.1  XP_027470333.1  50.000  16      8       0       99      114     392     407     8.3     18.5
XP_027943508.1  XP_025744456.1  50.000  16      8       0       99      114     325     340     8.3     18.5
XP_027943508.1  XP_027470334.1  50.000  16      8       0       99      114     325     340     8.4     18.5
XP_027943508.1  XP_027963758.1  50.000  16      8       0       99      114     413     428     8.7     18.5
XP_027943508.1  XP_027470332.1  50.000  16      8       0       99      114     413     428     8.7     18.5
XP_027943508.1  XP_025744455.1  50.000  16      8       0       99      114     413     428     8.7     18.5
XP_025744453.1  XP_025744453.1  100.000 626     0       0       1       626     1       626     0.0     1310
XP_025744453.1  XP_027963757.1  99.521  626     3       0       1       626     1       626     0.0     1303
XP_025744453.1  XP_027470331.1  99.521  626     3       0       1       626     1       626     0.0     1303
XP_025744453.1  XP_025744455.1  100.000 617     0       0       10      626     10      626     0.0     1292
XP_025744453.1  XP_027963758.1  99.514  617     3       0       10      626     10      626     0.0     1284
XP_025744453.1  XP_027470332.1  99.514  617     3       0       10      626     10      626     0.0     1284
XP_025744453.1  XP_027470333.1  99.669  605     2       0       22      626     1       605     0.0     1263
XP_025744453.1  XP_025744456.1  100.000 529     0       0       98      626     10      538     0.0     1112
XP_025744453.1  XP_027470334.1  99.811  529     1       0       98      626     10      538     0.0     1110
XP_025744453.1  XP_027437178.1  50.000  16      8       0       413     428     99      114     9.6     18.5
XP_025744453.1  XP_025734223.1  50.000  16      8       0       413     428     99      114     9.6     18.5
XP_025744453.1  XP_027943508.1  50.000  16      8       0       413     428     99      114     9.6     18.5
XP_025744455.1  XP_025744455.1  100.000 626     0       0       1       626     1       626     0.0     1308
XP_025744455.1  XP_027963758.1  99.521  626     3       0       1       626     1       626     0.0     1301
XP_025744455.1  XP_027470332.1  99.521  626     3       0       1       626     1       626     0.0     1301
XP_025744455.1  XP_025744453.1  100.000 617     0       0       10      626     10      626     0.0     1292
XP_025744455.1  XP_027963757.1  99.514  617     3       0       10      626     10      626     0.0     1284
XP_025744455.1  XP_027470331.1  99.514  617     3       0       10      626     10      626     0.0     1284
XP_025744455.1  XP_027470333.1  99.669  605     2       0       22      626     1       605     0.0     1263
XP_025744455.1  XP_025744456.1  100.000 529     0       0       98      626     10      538     0.0     1112
XP_025744455.1  XP_025744456.1  90.000  10      1       0       1       10      1       10      1.5     21.2
XP_025744455.1  XP_027470334.1  99.811  529     1       0       98      626     10      538     0.0     1111
XP_025744455.1  XP_027470334.1  90.000  10      1       0       1       10      1       10      1.5     21.2
XP_025744456.1  XP_025744456.1  100.000 538     0       0       1       538     1       538     0.0     1127
XP_025744456.1  XP_027470334.1  99.814  538     1       0       1       538     1       538     0.0     1125
XP_025744456.1  XP_025744453.1  100.000 529     0       0       10      538     98      626     0.0     1112
XP_025744456.1  XP_025744455.1  100.000 529     0       0       10      538     98      626     0.0     1112
XP_025744456.1  XP_025744455.1  90.000  10      1       0       1       10      1       10      1.3     21.2
XP_025744456.1  XP_027963758.1  99.811  529     1       0       10      538     98      626     0.0     1110
XP_025744456.1  XP_027963758.1  90.000  10      1       0       1       10      1       10      1.3     21.2
XP_025744456.1  XP_027470332.1  99.811  529     1       0       10      538     98      626     0.0     1110
XP_025744456.1  XP_027470332.1  90.000  10      1       0       1       10      1       10      1.3     21.2
XP_025744456.1  XP_027963757.1  99.811  529     1       0       10      538     98      626     0.0     1109
XP_025744456.1  XP_027470333.1  99.811  529     1       0       10      538     77      605     0.0     1109
XP_025744456.1  XP_027470331.1  99.811  529     1       0       10      538     98      626     0.0     1109
XP_025744456.1  XP_027437178.1  50.000  16      8       0       325     340     99      114     8.5     18.5
XP_025744456.1  XP_025734223.1  50.000  16      8       0       325     340     99      114     8.5     18.5
XP_025744456.1  XP_027943508.1  50.000  16      8       0       325     340     99      114     8.5     18.5
XP_027470331.1  XP_027963757.1  100.000 626     0       0       1       626     1       626     0.0     1310
XP_027470331.1  XP_027470331.1  100.000 626     0       0       1       626     1       626     0.0     1310
XP_027470331.1  XP_025744453.1  99.521  626     3       0       1       626     1       626     0.0     1303
XP_027470331.1  XP_027963758.1  100.000 617     0       0       10      626     10      626     0.0     1291
XP_027470331.1  XP_027470332.1  100.000 617     0       0       10      626     10      626     0.0     1291
XP_027470331.1  XP_025744455.1  99.514  617     3       0       10      626     10      626     0.0     1284
XP_027470331.1  XP_027470333.1  100.000 605     0       0       22      626     1       605     0.0     1266
XP_027470331.1  XP_027470334.1  100.000 529     0       0       98      626     10      538     0.0     1111
XP_027470331.1  XP_025744456.1  99.811  529     1       0       98      626     10      538     0.0     1109
XP_027470331.1  XP_027437178.1  50.000  16      8       0       413     428     99      114     9.8     18.5
XP_027470331.1  XP_025734223.1  50.000  16      8       0       413     428     99      114     9.8     18.5
XP_027470331.1  XP_027943508.1  50.000  16      8       0       413     428     99      114     9.8     18.5
XP_027470332.1  XP_027963758.1  100.000 626     0       0       1       626     1       626     0.0     1308
XP_027470332.1  XP_027470332.1  100.000 626     0       0       1       626     1       626     0.0     1308
XP_027470332.1  XP_025744455.1  99.521  626     3       0       1       626     1       626     0.0     1301
XP_027470332.1  XP_027963757.1  100.000 617     0       0       10      626     10      626     0.0     1291
XP_027470332.1  XP_027470331.1  100.000 617     0       0       10      626     10      626     0.0     1291
XP_027470332.1  XP_025744453.1  99.514  617     3       0       10      626     10      626     0.0     1284
XP_027470332.1  XP_027470333.1  100.000 605     0       0       22      626     1       605     0.0     1267
XP_027470332.1  XP_027470334.1  100.000 529     0       0       98      626     10      538     0.0     1110
XP_027470332.1  XP_027470334.1  90.000  10      1       0       1       10      1       10      1.5     21.2
XP_027470332.1  XP_025744456.1  99.811  529     1       0       98      626     10      538     0.0     1110
XP_027470332.1  XP_025744456.1  90.000  10      1       0       1       10      1       10      1.5     21.2
XP_027470333.1  XP_027963758.1  100.000 605     0       0       1       605     22      626     0.0     1267
XP_027470333.1  XP_027470333.1  100.000 605     0       0       1       605     1       605     0.0     1267
XP_027470333.1  XP_027470332.1  100.000 605     0       0       1       605     22      626     0.0     1267
XP_027470333.1  XP_027963757.1  100.000 605     0       0       1       605     22      626     0.0     1266
XP_027470333.1  XP_027470331.1  100.000 605     0       0       1       605     22      626     0.0     1266
XP_027470333.1  XP_025744455.1  99.669  605     2       0       1       605     22      626     0.0     1263
XP_027470333.1  XP_025744453.1  99.669  605     2       0       1       605     22      626     0.0     1263
XP_027470333.1  XP_027470334.1  100.000 529     0       0       77      605     10      538     0.0     1111
XP_027470333.1  XP_025744456.1  99.811  529     1       0       77      605     10      538     0.0     1109
XP_027470333.1  XP_025734223.1  50.000  16      8       0       392     407     99      114     9.4     18.5
XP_027470333.1  XP_027437178.1  50.000  16      8       0       392     407     99      114     9.5     18.5
XP_027470333.1  XP_027943508.1  50.000  16      8       0       392     407     99      114     9.5     18.5
XP_027470334.1  XP_027470334.1  100.000 538     0       0       1       538     1       538     0.0     1127
XP_027470334.1  XP_025744456.1  99.814  538     1       0       1       538     1       538     0.0     1125
XP_027470334.1  XP_027963757.1  100.000 529     0       0       10      538     98      626     0.0     1111
XP_027470334.1  XP_027470333.1  100.000 529     0       0       10      538     77      605     0.0     1111
XP_027470334.1  XP_027470331.1  100.000 529     0       0       10      538     98      626     0.0     1111
XP_027470334.1  XP_025744455.1  99.811  529     1       0       10      538     98      626     0.0     1111
XP_027470334.1  XP_025744455.1  90.000  10      1       0       1       10      1       10      1.3     21.2
XP_027470334.1  XP_027963758.1  100.000 529     0       0       10      538     98      626     0.0     1110
XP_027470334.1  XP_027963758.1  90.000  10      1       0       1       10      1       10      1.3     21.2
XP_027470334.1  XP_027470332.1  100.000 529     0       0       10      538     98      626     0.0     1110
XP_027470334.1  XP_027470332.1  90.000  10      1       0       1       10      1       10      1.3     21.2
XP_027470334.1  XP_025744453.1  99.811  529     1       0       10      538     98      626     0.0     1110
XP_027470334.1  XP_027437178.1  50.000  16      8       0       325     340     99      114     8.6     18.5
XP_027470334.1  XP_027943508.1  50.000  16      8       0       325     340     99      114     8.6     18.5
XP_027470334.1  XP_025734223.1  50.000  16      8       0       325     340     99      114     8.7     18.5
XP_027963757.1  XP_027963757.1  100.000 626     0       0       1       626     1       626     0.0     1310
XP_027963757.1  XP_027470331.1  100.000 626     0       0       1       626     1       626     0.0     1310
XP_027963757.1  XP_025744453.1  99.521  626     3       0       1       626     1       626     0.0     1303
XP_027963757.1  XP_027963758.1  100.000 617     0       0       10      626     10      626     0.0     1291
XP_027963757.1  XP_027470332.1  100.000 617     0       0       10      626     10      626     0.0     1291
XP_027963757.1  XP_025744455.1  99.514  617     3       0       10      626     10      626     0.0     1284
XP_027963757.1  XP_027470333.1  100.000 605     0       0       22      626     1       605     0.0     1266
XP_027963757.1  XP_027470334.1  100.000 529     0       0       98      626     10      538     0.0     1111
XP_027963757.1  XP_025744456.1  99.811  529     1       0       98      626     10      538     0.0     1109
XP_027963757.1  XP_027437178.1  50.000  16      8       0       413     428     99      114     9.8     18.5
XP_027963757.1  XP_025734223.1  50.000  16      8       0       413     428     99      114     9.8     18.5
XP_027963757.1  XP_027943508.1  50.000  16      8       0       413     428     99      114     9.8     18.5
XP_027963758.1  XP_027963758.1  100.000 626     0       0       1       626     1       626     0.0     1308
XP_027963758.1  XP_027470332.1  100.000 626     0       0       1       626     1       626     0.0     1308
XP_027963758.1  XP_025744455.1  99.521  626     3       0       1       626     1       626     0.0     1301
XP_027963758.1  XP_027963757.1  100.000 617     0       0       10      626     10      626     0.0     1291
XP_027963758.1  XP_027470331.1  100.000 617     0       0       10      626     10      626     0.0     1291
XP_027963758.1  XP_025744453.1  99.514  617     3       0       10      626     10      626     0.0     1284
XP_027963758.1  XP_027470333.1  100.000 605     0       0       22      626     1       605     0.0     1267
XP_027963758.1  XP_027470334.1  100.000 529     0       0       98      626     10      538     0.0     1110
XP_027963758.1  XP_027470334.1  90.000  10      1       0       1       10      1       10      1.5     21.2
XP_027963758.1  XP_025744456.1  99.811  529     1       0       98      626     10      538     0.0     1110
XP_027963758.1  XP_025744456.1  90.000  10      1       0       1       10      1       10      1.5     21.2
XP_025734223.1  XP_025734223.1  100.000 527     0       0       1       527     1       527     0.0     1106
XP_025734223.1  XP_027437178.1  99.620  527     2       0       1       527     1       527     0.0     1103
XP_025734223.1  XP_027943508.1  99.620  527     2       0       1       527     1       527     0.0     1103
XP_025734223.1  XP_025744453.1  50.000  16      8       0       99      114     413     428     8.1     18.5
XP_025734223.1  XP_027470333.1  50.000  16      8       0       99      114     392     407     8.2     18.5
XP_025734223.1  XP_027963757.1  50.000  16      8       0       99      114     413     428     8.2     18.5
XP_025734223.1  XP_027470331.1  50.000  16      8       0       99      114     413     428     8.2     18.5
XP_025734223.1  XP_025744456.1  50.000  16      8       0       99      114     325     340     8.3     18.5
XP_025734223.1  XP_027470334.1  50.000  16      8       0       99      114     325     340     8.5     18.5
XP_025734223.1  XP_027963758.1  50.000  16      8       0       99      114     413     428     8.7     18.5
XP_025734223.1  XP_027470332.1  50.000  16      8       0       99      114     413     428     8.7     18.5
XP_025734223.1  XP_025744455.1  50.000  16      8       0       99      114     413     428     8.7     18.5
XP_027437178.1  XP_027437178.1  100.000 527     0       0       1       527     1       527     0.0     1105
XP_027437178.1  XP_027943508.1  100.000 527     0       0       1       527     1       527     0.0     1105
XP_027437178.1  XP_025734223.1  99.620  527     2       0       1       527     1       527     0.0     1103
XP_027437178.1  XP_025744453.1  50.000  16      8       0       99      114     413     428     8.1     18.5
XP_027437178.1  XP_027963757.1  50.000  16      8       0       99      114     413     428     8.2     18.5
XP_027437178.1  XP_027470331.1  50.000  16      8       0       99      114     413     428     8.2     18.5
XP_027437178.1  XP_027470333.1  50.000  16      8       0       99      114     392     407     8.3     18.5
XP_027437178.1  XP_025744456.1  50.000  16      8       0       99      114     325     340     8.3     18.5
XP_027437178.1  XP_027470334.1  50.000  16      8       0       99      114     325     340     8.4     18.5
XP_027437178.1  XP_027963758.1  50.000  16      8       0       99      114     413     428     8.7     18.5
XP_027437178.1  XP_027470332.1  50.000  16      8       0       99      114     413     428     8.7     18.5
XP_027437178.1  XP_025744455.1  50.000  16      8       0       99      114     413     428     8.7     18.5
XP_027474407.1  XP_025716221.1  100.000 169     0       0       1       169     1       169     1.48e-130       351
XP_027474407.1  XP_027952395.1  100.000 169     0       0       1       169     1       169     1.48e-130       351
XP_027474407.1  XP_027474407.1  100.000 169     0       0       1       169     1       169     1.48e-130       351
XP_027474407.1  XP_073738473.1  97.692  130     1       1       1       130     1       128     1.04e-93        257
XP_027952395.1  XP_025716221.1  100.000 169     0       0       1       169     1       169     1.48e-130       351
XP_027952395.1  XP_027952395.1  100.000 169     0       0       1       169     1       169     1.48e-130       351
XP_027952395.1  XP_027474407.1  100.000 169     0       0       1       169     1       169     1.48e-130       351
XP_027952395.1  XP_073738473.1  97.692  130     1       1       1       130     1       128     1.04e-93        257
XP_025716221.1  XP_025716221.1  100.000 169     0       0       1       169     1       169     1.48e-130       351
XP_025716221.1  XP_027952395.1  100.000 169     0       0       1       169     1       169     1.48e-130       351
XP_025716221.1  XP_027474407.1  100.000 169     0       0       1       169     1       169     1.48e-130       351
XP_025716221.1  XP_073738473.1  97.692  130     1       1       1       130     1       128     1.04e-93        257
XP_073738473.1  XP_073738473.1  100.000 149     0       0       1       149     1       149     3.45e-114       308
XP_073738473.1  XP_025716221.1  97.692  130     1       1       1       128     1       130     9.17e-94        257
XP_073738473.1  XP_027952395.1  97.692  130     1       1       1       128     1       130     9.17e-94        257
XP_073738473.1  XP_027474407.1  97.692  130     1       1       1       128     1       130     9.17e-94        257
XP_025725705.1  XP_027424584.1  100.000 822     0       0       1       822     1       822     0.0     1707
XP_025725705.1  XP_025725705.1  100.000 822     0       0       1       822     1       822     0.0     1707
XP_025725705.1  XP_027970230.1  99.878  822     1       0       1       822     1       822     0.0     1705
XP_025725705.1  XP_027424585.1  100.000 763     0       0       60      822     1       763     0.0     1585
XP_027424584.1  XP_027424584.1  100.000 822     0       0       1       822     1       822     0.0     1707
XP_027424584.1  XP_025725705.1  100.000 822     0       0       1       822     1       822     0.0     1707
XP_027424584.1  XP_027970230.1  99.878  822     1       0       1       822     1       822     0.0     1705
XP_027424584.1  XP_027424585.1  100.000 763     0       0       60      822     1       763     0.0     1585
XP_027424585.1  XP_027424584.1  100.000 763     0       0       1       763     60      822     0.0     1585
XP_027424585.1  XP_025725705.1  100.000 763     0       0       1       763     60      822     0.0     1585
XP_027424585.1  XP_027970230.1  99.869  763     1       0       1       763     60      822     0.0     1583
XP_027424585.1  XP_027424585.1  100.000 763     0       0       1       763     1       763     0.0     1582
XP_027970230.1  XP_027970230.1  100.000 822     0       0       1       822     1       822     0.0     1707
XP_027970230.1  XP_027424584.1  99.878  822     1       0       1       822     1       822     0.0     1705
XP_027970230.1  XP_025725705.1  99.878  822     1       0       1       822     1       822     0.0     1705
XP_027970230.1  XP_027424585.1  99.869  763     1       0       60      822     1       763     0.0     1583
XP_027449767.1  XP_027449767.1  100.000 163     0       0       1       163     1       163     1.29e-122       330
XP_027449767.1  XP_025737570.2  98.773  163     2       0       1       163     1       163     8.78e-122       328
XP_027449767.1  XP_027944381.1  100.000 154     0       0       10      163     1       154     4.16e-114       308
XP_027449767.1  XP_073756986.1  100.000 99      0       0       65      163     1       99      3.41e-71        198
XP_027449767.1  XP_035585181.1  100.000 99      0       0       65      163     1       99      3.41e-71        198
XP_035585181.1  XP_073756986.1  100.000 99      0       0       1       99      1       99      1.99e-72        199
XP_035585181.1  XP_035585181.1  100.000 99      0       0       1       99      1       99      1.99e-72        199
XP_035585181.1  XP_027944381.1  100.000 99      0       0       1       99      56      154     1.28e-71        198
XP_035585181.1  XP_025737570.2  100.000 99      0       0       1       99      65      163     1.92e-71        198
XP_035585181.1  XP_027449767.1  100.000 99      0       0       1       99      65      163     2.07e-71        198
XP_027944381.1  XP_027944381.1  100.000 154     0       0       1       154     1       154     3.21e-114       308
XP_027944381.1  XP_027449767.1  100.000 154     0       0       1       154     10      163     3.93e-114       308
XP_027944381.1  XP_025737570.2  98.701  154     2       0       1       154     10      163     2.54e-113       306
XP_027944381.1  XP_073756986.1  100.000 99      0       0       56      154     1       99      2.00e-71        198
XP_027944381.1  XP_035585181.1  100.000 99      0       0       56      154     1       99      2.00e-71        198
XP_025737570.2  XP_025737570.2  100.000 163     0       0       1       163     1       163     1.01e-122       331
XP_025737570.2  XP_027449767.1  98.773  163     2       0       1       163     1       163     8.78e-122       328
XP_025737570.2  XP_027944381.1  98.701  154     2       0       10      163     1       154     2.69e-113       306
XP_025737570.2  XP_073756986.1  100.000 99      0       0       65      163     1       99      3.16e-71        198
XP_025737570.2  XP_035585181.1  100.000 99      0       0       65      163     1       99      3.16e-71        198
XP_073756986.1  XP_073756986.1  100.000 99      0       0       1       99      1       99      1.99e-72        199
XP_073756986.1  XP_035585181.1  100.000 99      0       0       1       99      1       99      1.99e-72        199
XP_073756986.1  XP_027944381.1  100.000 99      0       0       1       99      56      154     1.28e-71        198
XP_073756986.1  XP_025737570.2  100.000 99      0       0       1       99      65      163     1.92e-71        198
XP_073756986.1  XP_027449767.1  100.000 99      0       0       1       99      65      163     2.07e-71        198
XP_025743512.1  XP_025743512.1  100.000 796     0       0       1       796     1       796     0.0     1633
XP_025743512.1  XP_027944163.1  99.874  796     1       0       1       796     1       796     0.0     1631
XP_025743512.1  XP_027455266.1  99.874  796     1       0       1       796     1       796     0.0     1630
XP_025743512.1  XP_073747587.1  99.872  781     1       0       16      796     23      803     0.0     1595
XP_025743512.1  XP_027455267.1  99.872  780     1       0       17      796     7       786     0.0     1593
XP_025743512.1  XP_027944154.1  99.744  781     2       0       16      796     23      803     0.0     1593
XP_025743512.1  XP_027455265.1  99.744  781     2       0       16      796     23      803     0.0     1593
XP_025743512.1  XP_027944173.1  99.488  781     2       1       16      796     23      801     0.0     1584
XP_025743512.1  XP_073747586.1  95.006  821     1       1       16      796     23      843     0.0     1575
XP_025743512.1  XP_073747588.1  99.723  722     2       0       75      796     16      737     0.0     1471
XP_025743512.1  XP_073747589.1  99.723  722     2       0       75      796     5       726     0.0     1470
XP_025743512.1  XP_027455268.1  99.584  722     3       0       75      796     16      737     0.0     1469
XP_025743512.1  XP_027455270.1  99.584  722     3       0       75      796     5       726     0.0     1469
XP_025743512.1  XP_027455272.1  99.851  671     1       0       126     796     1       671     0.0     1370
XP_025743512.1  XP_027455271.1  99.851  671     1       0       126     796     1       671     0.0     1370
XP_025743512.1  XP_027455269.1  99.847  655     1       0       142     796     77      731     0.0     1332
XP_025743512.1  XP_027455269.1  100.000 76      0       0       1       76      1       76      9.05e-48        172
XP_073747586.1  XP_073747586.1  100.000 843     0       0       1       843     1       843     0.0     1730
XP_073747586.1  XP_073747587.1  95.255  843     0       1       1       843     1       803     0.0     1623
XP_073747586.1  XP_027455265.1  95.136  843     1       1       1       843     1       803     0.0     1622
XP_073747586.1  XP_027944154.1  95.136  843     1       1       1       843     1       803     0.0     1621
XP_073747586.1  XP_027944173.1  94.899  843     1       2       1       843     1       801     0.0     1613
XP_073747586.1  XP_025743512.1  95.006  821     1       1       23      843     16      796     0.0     1575
XP_073747586.1  XP_027455267.1  94.769  822     3       1       22      843     5       786     0.0     1574
XP_073747586.1  XP_027455266.1  94.884  821     2       1       23      843     16      796     0.0     1574
XP_073747586.1  XP_027944163.1  94.884  821     2       1       23      843     16      796     0.0     1573
XP_073747586.1  XP_073747588.1  99.861  721     1       0       123     843     17      737     0.0     1471
XP_073747586.1  XP_073747589.1  100.000 720     0       0       124     843     7       726     0.0     1470
XP_073747586.1  XP_027455270.1  99.861  720     1       0       124     843     7       726     0.0     1469
XP_073747586.1  XP_027455268.1  99.723  721     2       0       123     843     17      737     0.0     1468
XP_073747586.1  XP_027455272.1  99.851  671     1       0       173     843     1       671     0.0     1369
XP_073747586.1  XP_027455271.1  99.851  671     1       0       173     843     1       671     0.0     1369
XP_073747586.1  XP_027455269.1  99.847  655     1       0       189     843     77      731     0.0     1333
XP_073747586.1  XP_027455269.1  72.917  96      21      2       23      114     16      110     5.33e-37        139
XP_073747587.1  XP_073747587.1  100.000 803     0       0       1       803     1       803     0.0     1644
XP_073747587.1  XP_027944154.1  99.875  803     1       0       1       803     1       803     0.0     1644
XP_073747587.1  XP_027455265.1  99.875  803     1       0       1       803     1       803     0.0     1642
XP_073747587.1  XP_027944173.1  99.626  803     1       1       1       803     1       801     0.0     1635
XP_073747587.1  XP_073747586.1  95.255  843     0       1       1       803     1       843     0.0     1623
XP_073747587.1  XP_025743512.1  99.872  781     1       0       23      803     16      796     0.0     1595
XP_073747587.1  XP_027455267.1  99.616  782     3       0       22      803     5       786     0.0     1593
XP_073747587.1  XP_027944163.1  99.744  781     2       0       23      803     16      796     0.0     1593
XP_073747587.1  XP_027455266.1  99.744  781     2       0       23      803     16      796     0.0     1593
XP_073747587.1  XP_073747588.1  99.723  722     2       0       82      803     16      737     0.0     1471
XP_073747587.1  XP_073747589.1  99.723  722     2       0       82      803     5       726     0.0     1471
XP_073747587.1  XP_027455268.1  99.584  722     3       0       82      803     16      737     0.0     1469
XP_073747587.1  XP_027455270.1  99.584  722     3       0       82      803     5       726     0.0     1468
XP_073747587.1  XP_027455272.1  99.851  671     1       0       133     803     1       671     0.0     1370
XP_073747587.1  XP_027455271.1  99.851  671     1       0       133     803     1       671     0.0     1370
XP_073747587.1  XP_027455269.1  99.847  655     1       0       149     803     77      731     0.0     1334
XP_073747587.1  XP_027455269.1  98.361  61      1       0       23      83      16      76      2.53e-35        134
XP_073747588.1  XP_073747588.1  100.000 737     0       0       1       737     1       737     0.0     1512
XP_073747588.1  XP_027455268.1  99.729  737     2       0       1       737     1       737     0.0     1508
XP_073747588.1  XP_073747589.1  99.723  723     2       0       15      737     4       726     0.0     1474
XP_073747588.1  XP_027455270.1  99.585  723     3       0       15      737     4       726     0.0     1473
XP_073747588.1  XP_025743512.1  99.723  722     2       0       16      737     75      796     0.0     1471
XP_073747588.1  XP_073747587.1  99.723  722     2       0       16      737     82      803     0.0     1471
XP_073747588.1  XP_073747586.1  99.861  721     1       0       17      737     123     843     0.0     1471
XP_073747588.1  XP_027944163.1  99.584  722     3       0       16      737     75      796     0.0     1469
XP_073747588.1  XP_027944154.1  99.584  722     3       0       16      737     82      803     0.0     1469
XP_073747588.1  XP_027455267.1  99.584  722     3       0       16      737     65      786     0.0     1469
XP_073747588.1  XP_027455266.1  99.584  722     3       0       16      737     75      796     0.0     1469
XP_073747588.1  XP_027455265.1  99.584  722     3       0       16      737     82      803     0.0     1469
XP_073747588.1  XP_027944173.1  99.307  722     3       1       16      737     82      801     0.0     1462
XP_073747588.1  XP_027455272.1  99.851  671     1       0       67      737     1       671     0.0     1373
XP_073747588.1  XP_027455271.1  99.851  671     1       0       67      737     1       671     0.0     1373
XP_073747588.1  XP_027455269.1  99.847  655     1       0       83      737     77      731     0.0     1338
XP_073747589.1  XP_073747589.1  100.000 726     0       0       1       726     1       726     0.0     1488
XP_073747589.1  XP_027455270.1  99.862  726     1       0       1       726     1       726     0.0     1484
XP_073747589.1  XP_073747588.1  99.723  723     2       0       4       726     15      737     0.0     1474
XP_073747589.1  XP_027455268.1  99.585  723     3       0       4       726     15      737     0.0     1472
XP_073747589.1  XP_073747587.1  99.723  722     2       0       5       726     82      803     0.0     1471
XP_073747589.1  XP_073747586.1  100.000 720     0       0       7       726     124     843     0.0     1470
XP_073747589.1  XP_025743512.1  99.723  722     2       0       5       726     75      796     0.0     1470
XP_073747589.1  XP_027455266.1  99.584  722     3       0       5       726     75      796     0.0     1469
XP_073747589.1  XP_027944154.1  99.584  722     3       0       5       726     82      803     0.0     1468
XP_073747589.1  XP_027455265.1  99.584  722     3       0       5       726     82      803     0.0     1468
XP_073747589.1  XP_027944163.1  99.584  722     3       0       5       726     75      796     0.0     1467
XP_073747589.1  XP_027455267.1  99.584  722     3       0       5       726     65      786     0.0     1467
XP_073747589.1  XP_027944173.1  99.307  722     3       1       5       726     82      801     0.0     1460
XP_073747589.1  XP_027455272.1  99.851  671     1       0       56      726     1       671     0.0     1372
XP_073747589.1  XP_027455271.1  99.851  671     1       0       56      726     1       671     0.0     1372
XP_073747589.1  XP_027455269.1  99.847  655     1       0       72      726     77      731     0.0     1336
XP_027455265.1  XP_027455265.1  100.000 803     0       0       1       803     1       803     0.0     1644
XP_027455265.1  XP_073747587.1  99.875  803     1       0       1       803     1       803     0.0     1642
XP_027455265.1  XP_027944154.1  99.751  803     2       0       1       803     1       803     0.0     1640
XP_027455265.1  XP_027944173.1  99.502  803     2       1       1       803     1       801     0.0     1631
XP_027455265.1  XP_073747586.1  95.136  843     1       1       1       803     1       843     0.0     1622
XP_027455265.1  XP_027455267.1  99.744  782     2       0       22      803     5       786     0.0     1595
XP_027455265.1  XP_027455266.1  99.872  781     1       0       23      803     16      796     0.0     1595
XP_027455265.1  XP_025743512.1  99.744  781     2       0       23      803     16      796     0.0     1593
XP_027455265.1  XP_027944163.1  99.616  781     3       0       23      803     16      796     0.0     1591
XP_027455265.1  XP_027455268.1  99.723  722     2       0       82      803     16      737     0.0     1471
XP_027455265.1  XP_027455270.1  99.723  722     2       0       82      803     5       726     0.0     1470
XP_027455265.1  XP_073747588.1  99.584  722     3       0       82      803     16      737     0.0     1469
XP_027455265.1  XP_073747589.1  99.584  722     3       0       82      803     5       726     0.0     1468
XP_027455265.1  XP_027455272.1  100.000 671     0       0       133     803     1       671     0.0     1372
XP_027455265.1  XP_027455271.1  100.000 671     0       0       133     803     1       671     0.0     1372
XP_027455265.1  XP_027455269.1  100.000 655     0       0       149     803     77      731     0.0     1335
XP_027455265.1  XP_027455269.1  98.361  61      1       0       23      83      16      76      2.46e-35        134
XP_027455266.1  XP_027455266.1  100.000 796     0       0       1       796     1       796     0.0     1632
XP_027455266.1  XP_025743512.1  99.874  796     1       0       1       796     1       796     0.0     1630
XP_027455266.1  XP_027944163.1  99.749  796     2       0       1       796     1       796     0.0     1628
XP_027455266.1  XP_027455267.1  100.000 780     0       0       17      796     7       786     0.0     1595
XP_027455266.1  XP_027455265.1  99.872  781     1       0       16      796     23      803     0.0     1595
XP_027455266.1  XP_073747587.1  99.744  781     2       0       16      796     23      803     0.0     1593
XP_027455266.1  XP_027944154.1  99.616  781     3       0       16      796     23      803     0.0     1591
XP_027455266.1  XP_027944173.1  99.360  781     3       1       16      796     23      801     0.0     1583
XP_027455266.1  XP_073747586.1  94.884  821     2       1       16      796     23      843     0.0     1574
XP_027455266.1  XP_027455268.1  99.723  722     2       0       75      796     16      737     0.0     1471
XP_027455266.1  XP_027455270.1  99.723  722     2       0       75      796     5       726     0.0     1470
XP_027455266.1  XP_073747588.1  99.584  722     3       0       75      796     16      737     0.0     1469
XP_027455266.1  XP_073747589.1  99.584  722     3       0       75      796     5       726     0.0     1469
XP_027455266.1  XP_027455272.1  100.000 671     0       0       126     796     1       671     0.0     1371
XP_027455266.1  XP_027455271.1  100.000 671     0       0       126     796     1       671     0.0     1371
XP_027455266.1  XP_027455269.1  100.000 655     0       0       142     796     77      731     0.0     1334
XP_027455266.1  XP_027455269.1  100.000 76      0       0       1       76      1       76      8.57e-48        172
XP_027455267.1  XP_027455267.1  100.000 786     0       0       1       786     1       786     0.0     1610
XP_027455267.1  XP_027455266.1  100.000 780     0       0       7       786     17      796     0.0     1595
XP_027455267.1  XP_027455265.1  99.744  782     2       0       5       786     22      803     0.0     1595
XP_027455267.1  XP_073747587.1  99.616  782     3       0       5       786     22      803     0.0     1593
XP_027455267.1  XP_025743512.1  99.872  780     1       0       7       786     17      796     0.0     1593
XP_027455267.1  XP_027944163.1  99.744  780     2       0       7       786     17      796     0.0     1592
XP_027455267.1  XP_027944154.1  99.488  782     4       0       5       786     22      803     0.0     1591
XP_027455267.1  XP_027944173.1  99.233  782     4       1       5       786     22      801     0.0     1583
XP_027455267.1  XP_073747586.1  94.769  822     3       1       5       786     22      843     0.0     1574
XP_027455267.1  XP_027455268.1  99.723  722     2       0       65      786     16      737     0.0     1471
XP_027455267.1  XP_027455270.1  99.723  722     2       0       65      786     5       726     0.0     1470
XP_027455267.1  XP_073747588.1  99.584  722     3       0       65      786     16      737     0.0     1469
XP_027455267.1  XP_073747589.1  99.584  722     3       0       65      786     5       726     0.0     1467
XP_027455267.1  XP_027455272.1  100.000 671     0       0       116     786     1       671     0.0     1372
XP_027455267.1  XP_027455271.1  100.000 671     0       0       116     786     1       671     0.0     1372
XP_027455267.1  XP_027455269.1  100.000 655     0       0       132     786     77      731     0.0     1335
XP_027455267.1  XP_027455269.1  100.000 60      0       0       7       66      17      76      3.41e-35        133
XP_027455268.1  XP_027455268.1  100.000 737     0       0       1       737     1       737     0.0     1511
XP_027455268.1  XP_073747588.1  99.729  737     2       0       1       737     1       737     0.0     1508
XP_027455268.1  XP_027455270.1  99.723  723     2       0       15      737     4       726     0.0     1474
XP_027455268.1  XP_073747589.1  99.585  723     3       0       15      737     4       726     0.0     1472
XP_027455268.1  XP_027455267.1  99.723  722     2       0       16      737     65      786     0.0     1471
XP_027455268.1  XP_027455266.1  99.723  722     2       0       16      737     75      796     0.0     1471
XP_027455268.1  XP_027455265.1  99.723  722     2       0       16      737     82      803     0.0     1471
XP_027455268.1  XP_073747587.1  99.584  722     3       0       16      737     82      803     0.0     1469
XP_027455268.1  XP_025743512.1  99.584  722     3       0       16      737     75      796     0.0     1469
XP_027455268.1  XP_073747586.1  99.723  721     2       0       17      737     123     843     0.0     1468
XP_027455268.1  XP_027944163.1  99.446  722     4       0       16      737     75      796     0.0     1467
XP_027455268.1  XP_027944154.1  99.446  722     4       0       16      737     82      803     0.0     1467
XP_027455268.1  XP_027944173.1  99.169  722     4       1       16      737     82      801     0.0     1459
XP_027455268.1  XP_027455272.1  100.000 671     0       0       67      737     1       671     0.0     1374
XP_027455268.1  XP_027455271.1  100.000 671     0       0       67      737     1       671     0.0     1374
XP_027455268.1  XP_027455269.1  100.000 655     0       0       83      737     77      731     0.0     1338
XP_027455269.1  XP_027455269.1  100.000 731     0       0       1       731     1       731     0.0     1501
XP_027455269.1  XP_027455268.1  100.000 655     0       0       77      731     83      737     0.0     1338
XP_027455269.1  XP_027455270.1  100.000 655     0       0       77      731     72      726     0.0     1338
XP_027455269.1  XP_073747588.1  99.847  655     1       0       77      731     83      737     0.0     1338
XP_027455269.1  XP_027455272.1  100.000 655     0       0       77      731     17      671     0.0     1336
XP_027455269.1  XP_027455271.1  100.000 655     0       0       77      731     17      671     0.0     1336
XP_027455269.1  XP_073747589.1  99.847  655     1       0       77      731     72      726     0.0     1336
XP_027455269.1  XP_027455265.1  100.000 655     0       0       77      731     149     803     0.0     1335
XP_027455269.1  XP_027455265.1  98.361  61      1       0       16      76      23      83      2.24e-35        134
XP_027455269.1  XP_027455267.1  100.000 655     0       0       77      731     132     786     0.0     1335
XP_027455269.1  XP_027455267.1  100.000 60      0       0       17      76      7       66      3.17e-35        133
XP_027455269.1  XP_027455266.1  100.000 655     0       0       77      731     142     796     0.0     1334
XP_027455269.1  XP_027455266.1  100.000 76      0       0       1       76      1       76      7.87e-48        172
XP_027455269.1  XP_073747587.1  99.847  655     1       0       77      731     149     803     0.0     1334
XP_027455269.1  XP_073747587.1  98.361  61      1       0       16      76      23      83      2.30e-35        134
XP_027455269.1  XP_073747586.1  99.847  655     1       0       77      731     189     843     0.0     1333
XP_027455269.1  XP_073747586.1  72.917  96      21      2       16      110     23      114     3.80e-37        139
XP_027455269.1  XP_027944154.1  99.695  655     2       0       77      731     149     803     0.0     1332
XP_027455269.1  XP_027944154.1  98.361  61      1       0       16      76      23      83      2.30e-35        134
XP_027455269.1  XP_025743512.1  99.847  655     1       0       77      731     142     796     0.0     1332
XP_027455269.1  XP_025743512.1  100.000 76      0       0       1       76      1       76      8.32e-48        172
XP_027455269.1  XP_027944163.1  99.695  655     2       0       77      731     142     796     0.0     1330
XP_027455269.1  XP_027944163.1  100.000 76      0       0       1       76      1       76      8.32e-48        172
XP_027455269.1  XP_027944173.1  99.389  655     2       1       77      731     149     801     0.0     1324
XP_027455269.1  XP_027944173.1  98.361  61      1       0       16      76      23      83      2.35e-35        134
XP_027455270.1  XP_027455270.1  100.000 726     0       0       1       726     1       726     0.0     1486
XP_027455270.1  XP_073747589.1  99.862  726     1       0       1       726     1       726     0.0     1484
XP_027455270.1  XP_027455268.1  99.723  723     2       0       4       726     15      737     0.0     1474
XP_027455270.1  XP_073747588.1  99.585  723     3       0       4       726     15      737     0.0     1473
XP_027455270.1  XP_027455267.1  99.723  722     2       0       5       726     65      786     0.0     1470
XP_027455270.1  XP_027455266.1  99.723  722     2       0       5       726     75      796     0.0     1470
XP_027455270.1  XP_027455265.1  99.723  722     2       0       5       726     82      803     0.0     1470
XP_027455270.1  XP_073747586.1  99.861  720     1       0       7       726     124     843     0.0     1469
XP_027455270.1  XP_025743512.1  99.584  722     3       0       5       726     75      796     0.0     1469
XP_027455270.1  XP_073747587.1  99.584  722     3       0       5       726     82      803     0.0     1468
XP_027455270.1  XP_027944163.1  99.446  722     4       0       5       726     75      796     0.0     1466
XP_027455270.1  XP_027944154.1  99.446  722     4       0       5       726     82      803     0.0     1466
XP_027455270.1  XP_027944173.1  99.169  722     4       1       5       726     82      801     0.0     1458
XP_027455270.1  XP_027455272.1  100.000 671     0       0       56      726     1       671     0.0     1373
XP_027455270.1  XP_027455271.1  100.000 671     0       0       56      726     1       671     0.0     1373
XP_027455270.1  XP_027455269.1  100.000 655     0       0       72      726     77      731     0.0     1338
XP_027455271.1  XP_027455268.1  100.000 671     0       0       1       671     67      737     0.0     1374
XP_027455271.1  XP_027455270.1  100.000 671     0       0       1       671     56      726     0.0     1373
XP_027455271.1  XP_073747588.1  99.851  671     1       0       1       671     67      737     0.0     1373
XP_027455271.1  XP_027455267.1  100.000 671     0       0       1       671     116     786     0.0     1372
XP_027455271.1  XP_027455265.1  100.000 671     0       0       1       671     133     803     0.0     1372
XP_027455271.1  XP_073747589.1  99.851  671     1       0       1       671     56      726     0.0     1372
XP_027455271.1  XP_027455266.1  100.000 671     0       0       1       671     126     796     0.0     1371
XP_027455271.1  XP_027455272.1  100.000 671     0       0       1       671     1       671     0.0     1370
XP_027455271.1  XP_027455271.1  100.000 671     0       0       1       671     1       671     0.0     1370
XP_027455271.1  XP_073747587.1  99.851  671     1       0       1       671     133     803     0.0     1370
XP_027455271.1  XP_027944154.1  99.702  671     2       0       1       671     133     803     0.0     1370
XP_027455271.1  XP_025743512.1  99.851  671     1       0       1       671     126     796     0.0     1370
XP_027455271.1  XP_073747586.1  99.851  671     1       0       1       671     173     843     0.0     1369
XP_027455271.1  XP_027944163.1  99.702  671     2       0       1       671     126     796     0.0     1368
XP_027455271.1  XP_027944173.1  99.404  671     2       1       1       671     133     801     0.0     1360
XP_027455271.1  XP_027455269.1  100.000 655     0       0       17      671     77      731     0.0     1336
XP_027455272.1  XP_027455268.1  100.000 671     0       0       1       671     67      737     0.0     1374
XP_027455272.1  XP_027455270.1  100.000 671     0       0       1       671     56      726     0.0     1373
XP_027455272.1  XP_073747588.1  99.851  671     1       0       1       671     67      737     0.0     1373
XP_027455272.1  XP_027455267.1  100.000 671     0       0       1       671     116     786     0.0     1372
XP_027455272.1  XP_027455265.1  100.000 671     0       0       1       671     133     803     0.0     1372
XP_027455272.1  XP_073747589.1  99.851  671     1       0       1       671     56      726     0.0     1372
XP_027455272.1  XP_027455266.1  100.000 671     0       0       1       671     126     796     0.0     1371
XP_027455272.1  XP_027455272.1  100.000 671     0       0       1       671     1       671     0.0     1370
XP_027455272.1  XP_027455271.1  100.000 671     0       0       1       671     1       671     0.0     1370
XP_027455272.1  XP_073747587.1  99.851  671     1       0       1       671     133     803     0.0     1370
XP_027455272.1  XP_027944154.1  99.702  671     2       0       1       671     133     803     0.0     1370
XP_027455272.1  XP_025743512.1  99.851  671     1       0       1       671     126     796     0.0     1370
XP_027455272.1  XP_073747586.1  99.851  671     1       0       1       671     173     843     0.0     1369
XP_027455272.1  XP_027944163.1  99.702  671     2       0       1       671     126     796     0.0     1368
XP_027455272.1  XP_027944173.1  99.404  671     2       1       1       671     133     801     0.0     1360
XP_027455272.1  XP_027455269.1  100.000 655     0       0       17      671     77      731     0.0     1336
XP_027944154.1  XP_027944154.1  100.000 803     0       0       1       803     1       803     0.0     1647
XP_027944154.1  XP_073747587.1  99.875  803     1       0       1       803     1       803     0.0     1644
XP_027944154.1  XP_027455265.1  99.751  803     2       0       1       803     1       803     0.0     1640
XP_027944154.1  XP_027944173.1  99.751  803     0       1       1       803     1       801     0.0     1638
XP_027944154.1  XP_073747586.1  95.136  843     1       1       1       803     1       843     0.0     1621
XP_027944154.1  XP_027944163.1  99.872  781     1       0       23      803     16      796     0.0     1596
XP_027944154.1  XP_025743512.1  99.744  781     2       0       23      803     16      796     0.0     1593
XP_027944154.1  XP_027455267.1  99.488  782     4       0       22      803     5       786     0.0     1591
XP_027944154.1  XP_027455266.1  99.616  781     3       0       23      803     16      796     0.0     1591
XP_027944154.1  XP_073747588.1  99.584  722     3       0       82      803     16      737     0.0     1469
XP_027944154.1  XP_073747589.1  99.584  722     3       0       82      803     5       726     0.0     1468
XP_027944154.1  XP_027455268.1  99.446  722     4       0       82      803     16      737     0.0     1467
XP_027944154.1  XP_027455270.1  99.446  722     4       0       82      803     5       726     0.0     1466
XP_027944154.1  XP_027455272.1  99.702  671     2       0       133     803     1       671     0.0     1370
XP_027944154.1  XP_027455271.1  99.702  671     2       0       133     803     1       671     0.0     1370
XP_027944154.1  XP_027455269.1  99.695  655     2       0       149     803     77      731     0.0     1332
XP_027944154.1  XP_027455269.1  98.361  61      1       0       23      83      16      76      2.53e-35        134
XP_027944163.1  XP_027944163.1  100.000 796     0       0       1       796     1       796     0.0     1634
XP_027944163.1  XP_025743512.1  99.874  796     1       0       1       796     1       796     0.0     1631
XP_027944163.1  XP_027455266.1  99.749  796     2       0       1       796     1       796     0.0     1628
XP_027944163.1  XP_027944154.1  99.872  781     1       0       16      796     23      803     0.0     1596
XP_027944163.1  XP_073747587.1  99.744  781     2       0       16      796     23      803     0.0     1593
XP_027944163.1  XP_027455267.1  99.744  780     2       0       17      796     7       786     0.0     1592
XP_027944163.1  XP_027455265.1  99.616  781     3       0       16      796     23      803     0.0     1591
XP_027944163.1  XP_027944173.1  99.616  781     1       1       16      796     23      801     0.0     1588
XP_027944163.1  XP_073747586.1  94.884  821     2       1       16      796     23      843     0.0     1573
XP_027944163.1  XP_073747588.1  99.584  722     3       0       75      796     16      737     0.0     1469
XP_027944163.1  XP_027455268.1  99.446  722     4       0       75      796     16      737     0.0     1467
XP_027944163.1  XP_073747589.1  99.584  722     3       0       75      796     5       726     0.0     1467
XP_027944163.1  XP_027455270.1  99.446  722     4       0       75      796     5       726     0.0     1466
XP_027944163.1  XP_027455272.1  99.702  671     2       0       126     796     1       671     0.0     1368
XP_027944163.1  XP_027455271.1  99.702  671     2       0       126     796     1       671     0.0     1368
XP_027944163.1  XP_027455269.1  99.695  655     2       0       142     796     77      731     0.0     1330
XP_027944163.1  XP_027455269.1  100.000 76      0       0       1       76      1       76      9.05e-48        172
XP_027944173.1  XP_027944173.1  100.000 801     0       0       1       801     1       801     0.0     1642
XP_027944173.1  XP_027944154.1  99.751  803     0       1       1       801     1       803     0.0     1638
XP_027944173.1  XP_073747587.1  99.626  803     1       1       1       801     1       803     0.0     1635
XP_027944173.1  XP_027455265.1  99.502  803     2       1       1       801     1       803     0.0     1631
XP_027944173.1  XP_073747586.1  94.899  843     1       2       1       801     1       843     0.0     1613
XP_027944173.1  XP_027944163.1  99.616  781     1       1       23      801     16      796     0.0     1588
XP_027944173.1  XP_025743512.1  99.488  781     2       1       23      801     16      796     0.0     1584
XP_027944173.1  XP_027455267.1  99.233  782     4       1       22      801     5       786     0.0     1583
XP_027944173.1  XP_027455266.1  99.360  781     3       1       23      801     16      796     0.0     1583
XP_027944173.1  XP_073747588.1  99.307  722     3       1       82      801     16      737     0.0     1462
XP_027944173.1  XP_073747589.1  99.307  722     3       1       82      801     5       726     0.0     1460
XP_027944173.1  XP_027455268.1  99.169  722     4       1       82      801     16      737     0.0     1459
XP_027944173.1  XP_027455270.1  99.169  722     4       1       82      801     5       726     0.0     1458
XP_027944173.1  XP_027455272.1  99.404  671     2       1       133     801     1       671     0.0     1360
XP_027944173.1  XP_027455271.1  99.404  671     2       1       133     801     1       671     0.0     1360
XP_027944173.1  XP_027455269.1  99.389  655     2       1       149     801     77      731     0.0     1324
XP_027944173.1  XP_027455269.1  98.361  61      1       0       23      83      16      76      2.58e-35        134
XP_025728000.1  XP_025728000.1  100.000 153     0       0       1       153     1       153     1.27e-113       307
XP_025728000.1  XP_027441910.1  99.346  153     1       0       1       153     1       153     6.53e-113       305
XP_025728000.1  XP_027969751.1  98.693  153     2       0       1       153     1       153     5.20e-112       303
XP_025728000.1  XP_073747354.1  79.688  192     0       1       1       153     1       192     2.88e-106       290
XP_073747354.1  XP_073747354.1  100.000 192     0       0       1       192     1       192     7.52e-144       387
XP_073747354.1  XP_025728000.1  79.688  192     0       1       1       192     1       153     3.62e-106       290
XP_073747354.1  XP_027441910.1  79.167  192     1       1       1       192     1       153     1.78e-105       288
XP_073747354.1  XP_027969751.1  78.646  192     2       1       1       192     1       153     1.94e-104       285
XP_027441910.1  XP_027441910.1  100.000 153     0       0       1       153     1       153     2.06e-113       306
XP_027441910.1  XP_025728000.1  99.346  153     1       0       1       153     1       153     6.53e-113       305
XP_027441910.1  XP_027969751.1  99.346  153     1       0       1       153     1       153     1.52e-112       304
XP_027441910.1  XP_073747354.1  79.167  192     1       1       1       153     1       192     1.41e-105       288
XP_027969751.1  XP_027969751.1  100.000 153     0       0       1       153     1       153     1.71e-113       306
XP_027969751.1  XP_027441910.1  99.346  153     1       0       1       153     1       153     1.52e-112       304
XP_027969751.1  XP_025728000.1  98.693  153     2       0       1       153     1       153     5.20e-112       303
XP_027969751.1  XP_073747354.1  78.646  192     2       1       1       153     1       192     1.54e-104       285
XP_027455134.1  XP_027958103.1  100.000 307     0       0       1       307     1       307     0.0     630
XP_027455134.1  XP_027455134.1  100.000 307     0       0       1       307     1       307     0.0     630
XP_027455134.1  XP_025729775.1  99.349  307     2       0       1       307     1       307     0.0     625
XP_027455134.1  XP_027455135.1  100.000 210     0       0       1       210     1       210     1.05e-155       424
XP_027455134.1  XP_027455135.1  26.816  179     125     2       126     298     26      204     3.47e-14        58.9
XP_027455134.1  XP_073747325.1  99.524  210     1       0       1       210     1       210     3.86e-155       422
XP_027455134.1  XP_073747325.1  26.816  179     125     2       126     298     26      204     4.32e-14        58.9
XP_027455135.1  XP_027455135.1  100.000 231     0       0       1       231     1       231     1.77e-175       471
XP_027455135.1  XP_073747325.1  99.567  231     1       0       1       231     1       231     6.39e-175       469
XP_027455135.1  XP_027958103.1  100.000 210     0       0       1       210     1       210     7.88e-156       424
XP_027455135.1  XP_027958103.1  26.816  179     125     2       26      204     126     298     2.61e-14        58.9
XP_027455135.1  XP_027455134.1  100.000 210     0       0       1       210     1       210     7.88e-156       424
XP_027455135.1  XP_027455134.1  26.816  179     125     2       26      204     126     298     2.61e-14        58.9
XP_027455135.1  XP_025729775.1  99.524  210     1       0       1       210     1       210     1.61e-155       423
XP_027455135.1  XP_025729775.1  26.257  179     126     2       26      204     126     298     2.22e-13        56.2
XP_027958103.1  XP_027958103.1  100.000 307     0       0       1       307     1       307     0.0     630
XP_027958103.1  XP_027455134.1  100.000 307     0       0       1       307     1       307     0.0     630
XP_027958103.1  XP_025729775.1  99.349  307     2       0       1       307     1       307     0.0     625
XP_027958103.1  XP_027455135.1  100.000 210     0       0       1       210     1       210     1.05e-155       424
XP_027958103.1  XP_027455135.1  26.816  179     125     2       126     298     26      204     3.47e-14        58.9
XP_027958103.1  XP_073747325.1  99.524  210     1       0       1       210     1       210     3.86e-155       422
XP_027958103.1  XP_073747325.1  26.816  179     125     2       126     298     26      204     4.32e-14        58.9
XP_025729775.1  XP_025729775.1  100.000 307     0       0       1       307     1       307     0.0     629
XP_025729775.1  XP_027958103.1  99.349  307     2       0       1       307     1       307     0.0     625
XP_025729775.1  XP_027455134.1  99.349  307     2       0       1       307     1       307     0.0     625
XP_025729775.1  XP_073747325.1  100.000 210     0       0       1       210     1       210     4.08e-156       425
XP_025729775.1  XP_073747325.1  26.257  179     126     2       126     298     26      204     3.92e-13        55.8
XP_025729775.1  XP_027455135.1  99.524  210     1       0       1       210     1       210     2.13e-155       423
XP_025729775.1  XP_027455135.1  26.257  179     126     2       126     298     26      204     2.95e-13        56.2
XP_073747325.1  XP_073747325.1  100.000 231     0       0       1       231     1       231     1.14e-175       471
XP_073747325.1  XP_027455135.1  99.567  231     1       0       1       231     1       231     6.39e-175       469
XP_073747325.1  XP_025729775.1  100.000 210     0       0       1       210     1       210     3.07e-156       425
XP_073747325.1  XP_025729775.1  26.257  179     126     2       26      204     126     298     2.95e-13        55.8
XP_073747325.1  XP_027958103.1  99.524  210     1       0       1       210     1       210     2.90e-155       422
XP_073747325.1  XP_027958103.1  26.816  179     125     2       26      204     126     298     3.25e-14        58.9
XP_073747325.1  XP_027455134.1  99.524  210     1       0       1       210     1       210     2.90e-155       422
XP_073747325.1  XP_027455134.1  26.816  179     125     2       26      204     126     298     3.25e-14        58.9

